1 0.93801 0.109373 0.120854 0.115115 0.15308 0.0493495 0.156396 0.145663 0.511361 0.740269 0.251023 0.0371555 0.0943732 0.175883
0.93801 1 0.0643952 0.188687 0.0171964 0.229212 0.129467 0.0716916 0.0930847 0.434997 0.73223 0.126609 0.134157 0.0183452 0.210305
0.109373 0.0643952 1 0.227288 0.101028 0.147697 0.111226 0.616034 0.703655 0.234289 0.064378 0.0105374 0.0686426 0.0175169 0.0438717
0.120854 0.188687 0.227288 1 0.529341 0.304854 0.388427 0.637087 0.050752 0.249096 0.171201 0.073812 0.0731394 0.118063 0.344787
0.115115 0.0171964 0.101028 0.529341 1 0.673052 0.796783 0.175923 0.212987 0.538305 0.385681 0.0712024 0.211736 0.21522 0.200917
0.15308 0.229212 0.147697 0.304854 0.673052 1 0.858612 0.0707278 0.170565 0.340091 0.515565 0.31905 0.159554 0.130545 0.139436
0.0493495 0.129467 0.111226 0.388427 0.796783 0.858612 1 0.114032 0.213009 0.454668 0.491471 0.144232 0.108127 0.136825 0.20461
0.156396 0.0716916 0.616034 0.637087 0.175923 0.0707278 0.114032 1 0.693636 0.041654 0.0737171 0.239415 0.148621 0.131611 0.272026
0.145663 0.0930847 0.703655 0.050752 0.212987 0.170565 0.213009 0.693636 1 0.299999 0.0399984 0.0839064 0.134696 0.159431 0.0701335
0.511361 0.434997 0.234289 0.249096 0.538305 0.340091 0.454668 0.041654 0.299999 1 0.831159 0.415793 0.0868208 0.122302 0.266451
0.740269 0.73223 0.064378 0.171201 0.385681 0.515565 0.491471 0.0737171 0.0399984 0.831159 1 0.0895573 0.193968 0.111307 0.266251
0.251023 0.126609 0.0105374 0.073812 0.0712024 0.31905 0.144232 0.239415 0.0839064 0.415793 0.0895573 1 0.344444 0.0756906 0.137194
0.0371555 0.134157 0.0686426 0.0731394 0.211736 0.159554 0.108127 0.148621 0.134696 0.0868208 0.193968 0.344444 1 0.0753036 0.0151553
0.0943732 0.0183452 0.0175169 0.118063 0.21522 0.130545 0.136825 0.131611 0.159431 0.122302 0.111307 0.0756906 0.0753036 1 0.0450537
0.175883 0.210305 0.0438717 0.344787 0.200917 0.139436 0.20461 0.272026 0.0701335 0.266451 0.266251 0.137194 0.0151553 0.0450537 1
